<!-- Generated by pkgdown: do not edit by hand -->
<!DOCTYPE html>
<html lang="en">
  <head>
  <meta charset="utf-8">
<meta http-equiv="X-UA-Compatible" content="IE=edge">
<meta name="viewport" content="width=device-width, initial-scale=1.0">

<title>comdist — ph_comdist • rOpenSci: phylocomr</title>

<!-- favicons -->
<link rel="icon" type="image/png" sizes="16x16" href="/favicon-16x16.png">
<link rel="icon" type="image/png" sizes="32x32" href="/favicon-32x32.png">
<link rel="apple-touch-icon" type="image/png" sizes="180x180" href="/apple-touch-icon.png">

<!-- jquery -->
<script src="https://cdnjs.cloudflare.com/ajax/libs/jquery/3.4.1/jquery.min.js" integrity="sha256-CSXorXvZcTkaix6Yvo6HppcZGetbYMGWSFlBw8HfCJo=" crossorigin="anonymous"></script>


<!-- docsearch -->
<script src="../docsearch.js"></script>
<link rel="stylesheet" href="https://cdnjs.cloudflare.com/ajax/libs/docsearch.js/2.6.3/docsearch.min.css" integrity="sha256-QOSRU/ra9ActyXkIBbiIB144aDBdtvXBcNc3OTNuX/Q=" crossorigin="anonymous" />
<link href="../docsearch.css" rel="stylesheet">
<script src="https://cdnjs.cloudflare.com/ajax/libs/mark.js/8.11.1/jquery.mark.min.js" integrity="sha256-4HLtjeVgH0eIB3aZ9mLYF6E8oU5chNdjU6p6rrXpl9U=" crossorigin="anonymous"></script>


<!-- Bootstrap -->
<link rel="stylesheet" href="https://cdnjs.cloudflare.com/ajax/libs/twitter-bootstrap/3.4.1/css/bootstrap.min.css" integrity="sha256-bZLfwXAP04zRMK2BjiO8iu9pf4FbLqX6zitd+tIvLhE=" crossorigin="anonymous">
<script src="https://cdnjs.cloudflare.com/ajax/libs/twitter-bootstrap/3.4.1/js/bootstrap.min.js" integrity="sha256-nuL8/2cJ5NDSSwnKD8VqreErSWHtnEP9E7AySL+1ev4=" crossorigin="anonymous"></script>

<!-- bootstrap-toc -->
<link rel="stylesheet" href="../bootstrap-toc.css">
<script src="../bootstrap-toc.js"></script>

<!-- Font Awesome icons -->
<link rel="stylesheet" href="https://cdnjs.cloudflare.com/ajax/libs/font-awesome/5.11.1/css/all.min.css" integrity="sha256-PbSmjxuVAzJ6FPvNYsrXygfGhNJYyZ2GktDbkMBqQZg=" crossorigin="anonymous" />
<link rel="stylesheet" href="https://cdnjs.cloudflare.com/ajax/libs/font-awesome/5.11.1/css/v4-shims.min.css" integrity="sha256-A6jcAdwFD48VMjlI3GDxUd+eCQa7/KWy6G9oe/ovaPA=" crossorigin="anonymous" />

<!-- clipboard.js -->
<script src="https://cdnjs.cloudflare.com/ajax/libs/clipboard.js/2.0.4/clipboard.min.js" integrity="sha256-FiZwavyI2V6+EXO1U+xzLG3IKldpiTFf3153ea9zikQ=" crossorigin="anonymous"></script>

<!-- headroom.js -->
<script src="https://cdnjs.cloudflare.com/ajax/libs/headroom/0.9.4/headroom.min.js" integrity="sha256-DJFC1kqIhelURkuza0AvYal5RxMtpzLjFhsnVIeuk+U=" crossorigin="anonymous"></script>
<script src="https://cdnjs.cloudflare.com/ajax/libs/headroom/0.9.4/jQuery.headroom.min.js" integrity="sha256-ZX/yNShbjqsohH1k95liqY9Gd8uOiE1S4vZc+9KQ1K4=" crossorigin="anonymous"></script>

<!-- pkgdown -->
<link href="../pkgdown.css" rel="stylesheet">
<script src="../pkgdown.js"></script>

<!-- ropensci -->
<link href="../ropensci.css" rel="stylesheet">

<meta property="og:title" content="comdist — ph_comdist" />
<meta property="og:description" content="Outputs the phylogenetic distance between samples, based on phylogenetic
distances of taxa in one sample to the taxa in the other" />
<meta name="twitter:card" content="summary" />






<!-- Matomo -->
<link rel="stylesheet" type="text/css" href="https://cdn.jsdelivr.net/npm/cookieconsent@3/build/cookieconsent.min.css" />
<script src="https://cdn.jsdelivr.net/npm/cookieconsent@3/build/cookieconsent.min.js" data-cfasync="false"></script>
<script src="https://ropensci.org/scripts/matomo.js"></script>
<noscript><p><img src="https://ropensci.matomo.cloud/matomo.php?idsite=1&amp;rec=1" style="border:0;" alt="" /></p></noscript>

<!-- End Matomo Code -->

  </head>

  <body data-spy="scroll" data-target="#toc">
    <div class="container template-reference-topic">
      <header>
      <div class="navbar navbar-default navbar-fixed-top" role="navigation">
  <div class="container">
    <div class="navbar-header">
      <button type="button" class="navbar-toggle collapsed" data-toggle="collapse" data-target="#navbar" aria-expanded="false">
        <span class="sr-only">Toggle navigation</span>
        <span class="icon-bar"></span>
        <span class="icon-bar"></span>
        <span class="icon-bar"></span>
      </button>

      <div class="navbar-brand-container">
        <a href="https://ropensci.org"><img src="https://ropensci.org/img/icon_short_white.svg" id="hexlogo" alt="rOpenSci" /></a>
        <a class="navbar-brand" href="../index.html"><i>phylocomr <small>v0.3.2.91</small></i></a>
      </div>
    </div>
    <div id="navbar" class="navbar-collapse collapse">
      <ul class="nav navbar-nav navbar-right">
        <li>
  <a href="../index.html">
    <span class="fas fa-home fa-lg"></span>
     
  </a>
</li>
<li>
  <a href="../articles/phylocomr.html">Get started</a>
</li>
<li>
  <a href="../reference/index.html">Reference</a>
</li>
<li>
  <a href="../news/index.html">Changelog</a>
</li>
        <li>
  <a href="https://github.com/ropensci/phylocomr/">
    <span class="fab fa-github fa-lg"></span>
     
  </a>
</li>
      </ul>
      
      <form class="navbar-form navbar-right docsearch" role="search">
        <div class="form-group">
          <input type="search" class="form-control" name="search-input" id="search-input" placeholder="Search..." aria-label="Search for..." autocomplete="off">
        </div>
      </form>
      
    </div><!--/.nav-collapse -->
  </div><!--/.container -->
</div><!--/.navbar -->

      

      </header>

<div class="row">
  <div class="col-md-9 contents">
    <div class="page-header">
    <h1>comdist</h1>
    <small class="dont-index">Source: <a href='https://github.com/ropensci/phylocomr/blob/master/R/comdist.R'><code>R/comdist.R</code></a></small>
    <div class="hidden name"><code>ph_comdist.Rd</code></div>
    </div>

    <div class="ref-description">
    <p>Outputs the phylogenetic distance between samples, based on phylogenetic
distances of taxa in one sample to the taxa in the other</p>
    </div>

    <pre class="usage"><span class='fu'>ph_comdist</span><span class='op'>(</span>
  <span class='va'>sample</span>,
  <span class='va'>phylo</span>,
  rand_test <span class='op'>=</span> <span class='cn'>FALSE</span>,
  null_model <span class='op'>=</span> <span class='fl'>0</span>,
  randomizations <span class='op'>=</span> <span class='fl'>999</span>,
  abundance <span class='op'>=</span> <span class='cn'>TRUE</span>
<span class='op'>)</span>

<span class='fu'>ph_comdistnt</span><span class='op'>(</span>
  <span class='va'>sample</span>,
  <span class='va'>phylo</span>,
  rand_test <span class='op'>=</span> <span class='cn'>FALSE</span>,
  null_model <span class='op'>=</span> <span class='fl'>0</span>,
  randomizations <span class='op'>=</span> <span class='fl'>999</span>,
  abundance <span class='op'>=</span> <span class='cn'>TRUE</span>
<span class='op'>)</span></pre>

    <h2 class="hasAnchor" id="arguments"><a class="anchor" href="#arguments"></a>Arguments</h2>
    <table class="ref-arguments">
    <colgroup><col class="name" /><col class="desc" /></colgroup>
    <tr>
      <th>sample</th>
      <td><p>(data.frame/character) sample data.frame or path to a
sample file</p></td>
    </tr>
    <tr>
      <th>phylo</th>
      <td><p>(character/phylo) One of: phylogeny as a newick string (will be
written to a temp file) - OR path to file with a newick
string - OR a an <span class="pkg">ape</span> <code>phylo</code> object. required.</p></td>
    </tr>
    <tr>
      <th>rand_test</th>
      <td><p>(logical) do you want to use null models?
Default: <code>FALSE</code></p></td>
    </tr>
    <tr>
      <th>null_model</th>
      <td><p>(integer) which null model to use. See Details.</p></td>
    </tr>
    <tr>
      <th>randomizations</th>
      <td><p>(numeric) number of randomizations. Default: 999</p></td>
    </tr>
    <tr>
      <th>abundance</th>
      <td><p>(logical) If <code>TRUE</code> (default) computed accounting
for abundance. Otherwise, uses presence-absence.</p></td>
    </tr>
    </table>

    <h2 class="hasAnchor" id="value"><a class="anchor" href="#value"></a>Value</h2>

    <p>data.frame or a list of data.frame's if use null models</p>
    <h2 class="hasAnchor" id="details"><a class="anchor" href="#details"></a>Details</h2>

    <p>See <a href='phylocomr-inputs.html'>phylocomr-inputs</a> for expected input formats</p>
    <h2 class="hasAnchor" id="null-models"><a class="anchor" href="#null-models"></a>Null models</h2>

    

<ul>
<li><p>0 - Phylogeny shuffle: This null model shuffles species labels across
the entire phylogeny. This randomizes phylogenetic relationships among
species.</p></li>
<li><p>1 - Species in each sample become random draws from sample pool:
This null model maintains the species richness of each sample, but the
identities of the species occurring in each sample are randomized. For
each sample, species are drawn without replacement from the list of all
species actually occurring in at least one sample. Thus, species in the
phylogeny that are not actually observed to occur in a sample will not
be included in the null communities</p></li>
<li><p>2 - Species in each sample become random draws from phylogeny pool:
This null model maintains the species richness of each sample, but the
identities of the species occurring in each sample are randomized. For
each sample, species are drawn without replacement from the list of all
species in the phylogeny pool. All species in the phylogeny will have
equal probability of being included in the null communities. By changing
the phylogeny, different species pools can be simulated. For example, the
phylogeny could include the species present in some larger region.</p></li>
<li><p>3 - Independent swap: The independent swap algorithm (Gotelli and
Entsminger, 2003); also known as ‘SIM9’ (Gotelli, 2000) creates swapped
versions of the sample/species matrix.</p></li>
</ul>

    <h2 class="hasAnchor" id="taxon-name-case"><a class="anchor" href="#taxon-name-case"></a>Taxon name case</h2>

    

<p>In the <code>sample</code> table, if you're passing in a file, the names in the
third column must be all lowercase; if not, we'll lowercase them for you.
If you pass in a data.frame, we'll lowercase them for your. All phylo
tip/node labels are also lowercased to avoid any casing problems</p>

    <h2 class="hasAnchor" id="examples"><a class="anchor" href="#examples"></a>Examples</h2>
    <pre class="examples"><div class='input'><span class='va'>sfile</span> <span class='op'>&lt;-</span> <span class='fu'><a href='https://rdrr.io/r/base/system.file.html'>system.file</a></span><span class='op'>(</span><span class='st'>"examples/sample_comstruct"</span>, package <span class='op'>=</span> <span class='st'>"phylocomr"</span><span class='op'>)</span>
<span class='va'>pfile</span> <span class='op'>&lt;-</span> <span class='fu'><a href='https://rdrr.io/r/base/system.file.html'>system.file</a></span><span class='op'>(</span><span class='st'>"examples/phylo_comstruct"</span>, package <span class='op'>=</span> <span class='st'>"phylocomr"</span><span class='op'>)</span>

<span class='co'># from data.frame</span>
<span class='va'>sampledf</span> <span class='op'>&lt;-</span> <span class='fu'><a href='https://rdrr.io/r/utils/read.table.html'>read.table</a></span><span class='op'>(</span><span class='va'>sfile</span>, header <span class='op'>=</span> <span class='cn'>FALSE</span>,
  stringsAsFactors <span class='op'>=</span> <span class='cn'>FALSE</span><span class='op'>)</span>
<span class='va'>phylo_str</span> <span class='op'>&lt;-</span> <span class='fu'><a href='https://rdrr.io/r/base/readLines.html'>readLines</a></span><span class='op'>(</span><span class='va'>pfile</span><span class='op'>)</span>
<span class='fu'>ph_comdist</span><span class='op'>(</span>sample <span class='op'>=</span> <span class='va'>sampledf</span>, phylo <span class='op'>=</span> <span class='va'>phylo_str</span><span class='op'>)</span>
</div><div class='output co'>#&gt; <span style='color: #949494;'># A tibble: 6 x 7</span>
#&gt;   name    clump1 clump2a clump2b clump4  even random
#&gt;   <span style='color: #949494; font-style: italic;'>&lt;chr&gt;</span>    <span style='color: #949494; font-style: italic;'>&lt;dbl&gt;</span>   <span style='color: #949494; font-style: italic;'>&lt;dbl&gt;</span>   <span style='color: #949494; font-style: italic;'>&lt;dbl&gt;</span>  <span style='color: #949494; font-style: italic;'>&lt;dbl&gt;</span> <span style='color: #949494; font-style: italic;'>&lt;dbl&gt;</span>  <span style='color: #949494; font-style: italic;'>&lt;dbl&gt;</span>
#&gt; <span style='color: #BCBCBC;'>1</span> clump1    4.25    6.75    8.08   8.71  8.06   8.05
#&gt; <span style='color: #BCBCBC;'>2</span> clump2a   6.75    4.94    8.72   8.42  8.06   7.82
#&gt; <span style='color: #BCBCBC;'>3</span> clump2b   8.08    8.72    5.83   7.36  8.06   7.95
#&gt; <span style='color: #BCBCBC;'>4</span> clump4    8.71    8.42    7.36   6.94  7.88   8.24
#&gt; <span style='color: #BCBCBC;'>5</span> even      8.06    8.06    8.06   7.87  7.75   8   
#&gt; <span style='color: #BCBCBC;'>6</span> random    8.05    7.82    7.95   8.24  8      7.11</div><div class='input'><span class='fu'>ph_comdistnt</span><span class='op'>(</span>sample <span class='op'>=</span> <span class='va'>sampledf</span>, phylo <span class='op'>=</span> <span class='va'>phylo_str</span><span class='op'>)</span>
</div><div class='output co'>#&gt; <span style='color: #949494;'># A tibble: 6 x 7</span>
#&gt;   name    clump1 clump2a clump2b clump4  even random
#&gt;   <span style='color: #949494; font-style: italic;'>&lt;chr&gt;</span>    <span style='color: #949494; font-style: italic;'>&lt;dbl&gt;</span>   <span style='color: #949494; font-style: italic;'>&lt;dbl&gt;</span>   <span style='color: #949494; font-style: italic;'>&lt;dbl&gt;</span>  <span style='color: #949494; font-style: italic;'>&lt;dbl&gt;</span> <span style='color: #949494; font-style: italic;'>&lt;dbl&gt;</span>  <span style='color: #949494; font-style: italic;'>&lt;dbl&gt;</span>
#&gt; <span style='color: #BCBCBC;'>1</span> clump1    2       4.17    4.83   6     4.75   4.88
#&gt; <span style='color: #BCBCBC;'>2</span> clump2a   4.17    2       6      4.33  4.5    4.62
#&gt; <span style='color: #BCBCBC;'>3</span> clump2b   4.83    6       2      3     4      3.94
#&gt; <span style='color: #BCBCBC;'>4</span> clump4    6       4.33    3      2     2      4.10
#&gt; <span style='color: #BCBCBC;'>5</span> even      4.75    4.5     4      2     6      2.62
#&gt; <span style='color: #BCBCBC;'>6</span> random    4.88    4.62    3.94   4.10  2.62   4.88</div><div class='input'><span class='fu'>ph_comdist</span><span class='op'>(</span>sample <span class='op'>=</span> <span class='va'>sampledf</span>, phylo <span class='op'>=</span> <span class='va'>phylo_str</span>, rand_test <span class='op'>=</span> <span class='cn'>TRUE</span><span class='op'>)</span>
</div><div class='output co'>#&gt; $obs
#&gt;      name   clump1  clump2a  clump2b   clump4     even   random
#&gt; 1  clump1 4.250000 6.749999 8.083335 8.708335 8.062500 8.046875
#&gt; 2 clump2a 6.750001 4.944444 8.722219 8.416661 8.062505 7.822916
#&gt; 3 clump2b 8.083340 8.722218 5.833330 7.361108 8.062505 7.947916
#&gt; 4  clump4 8.708339 8.416662 7.361108 6.944441 7.875004 8.239582
#&gt; 5    even 8.062500 8.062500 8.062496 7.874995 7.750000 8.000000
#&gt; 6  random 8.046875 7.822917 7.947919 8.239586 8.000000 7.109375
#&gt; 
#&gt; $null_mean
#&gt;      name   clump1  clump2a  clump2b   clump4     even   random
#&gt; 1  clump1 7.264139 7.968346 7.981730 8.150585 8.063001 8.138577
#&gt; 2 clump2a 7.968346 7.155850 8.087499 7.957552 8.066939 8.186305
#&gt; 3 clump2b 7.981730 8.087499 7.160747 7.734305 8.053431 8.022343
#&gt; 4  clump4 8.150585 7.957552 7.734305 7.147648 7.791900 8.017736
#&gt; 5    even 8.063001 8.066939 8.053431 7.791900 7.281344 8.003191
#&gt; 6  random 8.138577 8.186305 8.022343 8.017736 8.003191 7.042136
#&gt; 
#&gt; $null_sd
#&gt;      name   clump1  clump2a  clump2b   clump4     even   random
#&gt; 1  clump1 0.295206 0.236322 0.231956 0.234042 0.212229 0.239949
#&gt; 2 clump2a 0.236322 0.337516 0.243751 0.240894 0.219730 0.261025
#&gt; 3 clump2b 0.231956 0.243751 0.330608 0.241863 0.224840 0.245770
#&gt; 4  clump4 0.234042 0.240894 0.241863 0.329442 0.232904 0.245695
#&gt; 5    even 0.212229 0.219730 0.224840 0.232904 0.288330 0.224359
#&gt; 6  random 0.239949 0.261025 0.245770 0.245695 0.224359 0.348358
#&gt; 
#&gt; $NRI_or_NTI
#&gt;      name    clump1   clump2a   clump2b    clump4      even    random
#&gt; 1  clump1 10.210276  5.155445 -0.438037 -2.383122  0.002359  0.382171
#&gt; 2 clump2a  5.155433  6.551999 -2.603967 -1.905857  0.020182  1.392163
#&gt; 3 clump2b -0.438057 -2.603963  4.015077  1.543008 -0.040358  0.302832
#&gt; 4  clump4 -2.383138 -1.905861  1.543006  0.616822 -0.356817 -0.902931
#&gt; 5    even  0.002359  0.020204 -0.040320 -0.356778 -1.625417  0.014223
#&gt; 6  random  0.382171  1.392161  0.302818 -0.902946  0.014223 -0.193018
#&gt; </div><div class='input'><span class='fu'>ph_comdistnt</span><span class='op'>(</span>sample <span class='op'>=</span> <span class='va'>sampledf</span>, phylo <span class='op'>=</span> <span class='va'>phylo_str</span>, rand_test <span class='op'>=</span> <span class='cn'>TRUE</span><span class='op'>)</span>
</div><div class='output co'>#&gt; $obs
#&gt;      name   clump1  clump2a  clump2b   clump4  even   random
#&gt; 1  clump1 2.000000 4.166667 4.833334 6.000000 4.750 4.875000
#&gt; 2 clump2a 4.166667 2.000000 6.000000 4.333333 4.500 4.625000
#&gt; 3 clump2b 4.833333 6.000000 2.000000 3.000000 4.000 3.937500
#&gt; 4  clump4 6.000000 4.333334 3.000000 2.000000 2.000 4.104167
#&gt; 5    even 4.750000 4.500000 4.000000 2.000000 6.000 2.625000
#&gt; 6  random 4.875000 4.625000 3.937500 4.104167 2.625 4.875000
#&gt; 
#&gt; $null_mean
#&gt;      name   clump1  clump2a  clump2b   clump4     even   random
#&gt; 1  clump1 4.724725 2.662363 2.701902 3.580281 3.355731 3.563394
#&gt; 2 clump2a 2.662363 4.731231 2.968802 2.617949 3.365967 3.647359
#&gt; 3 clump2b 2.701902 2.968802 4.736902 2.234485 3.331730 3.340126
#&gt; 4  clump4 3.580281 2.617949 2.234485 4.696694 2.236837 3.355713
#&gt; 5    even 3.355731 3.365967 3.331730 2.236837 4.724474 3.171672
#&gt; 6  random 3.563394 3.647359 3.340126 3.355713 3.171672 4.728729
#&gt; 
#&gt; $null_sd
#&gt;      name   clump1  clump2a  clump2b   clump4     even   random
#&gt; 1  clump1 0.623057 0.483646 0.476845 0.585634 0.541263 0.613143
#&gt; 2 clump2a 0.483646 0.691165 0.522057 0.453688 0.549333 0.636171
#&gt; 3 clump2b 0.476845 0.522057 0.681483 0.405524 0.554418 0.570960
#&gt; 4  clump4 0.585634 0.453688 0.405524 0.687661 0.392674 0.569338
#&gt; 5    even 0.541263 0.549333 0.554418 0.392674 0.653033 0.571867
#&gt; 6  random 0.613143 0.636171 0.570960 0.569338 0.571867 0.730361
#&gt; 
#&gt; $NRI_or_NTI
#&gt;      name    clump1   clump2a   clump2b    clump4      even    random
#&gt; 1  clump1  4.373153 -3.110341 -4.469867 -4.131796 -2.575955 -2.139150
#&gt; 2 clump2a -3.110341  3.951636 -5.806257 -3.780981 -2.064384 -1.536758
#&gt; 3 clump2b -4.469866 -5.806256  4.016099 -1.887719 -1.205355 -1.046262
#&gt; 4  clump4 -4.131796 -3.780982 -1.887719  3.921547  0.603140 -1.314604
#&gt; 5    even -2.575955 -2.064385 -1.205355  0.603140 -1.953234  0.955942
#&gt; 6  random -2.139150 -1.536758 -1.046262 -1.314604  0.955942 -0.200272
#&gt; </div><div class='input'>
<span class='co'># from files</span>
<span class='va'>sample_str</span> <span class='op'>&lt;-</span> <span class='fu'><a href='https://rdrr.io/r/base/paste.html'>paste0</a></span><span class='op'>(</span><span class='fu'><a href='https://rdrr.io/r/base/readLines.html'>readLines</a></span><span class='op'>(</span><span class='va'>sfile</span><span class='op'>)</span>, collapse <span class='op'>=</span> <span class='st'>"\n"</span><span class='op'>)</span>
<span class='va'>sfile2</span> <span class='op'>&lt;-</span> <span class='fu'><a href='https://rdrr.io/r/base/tempfile.html'>tempfile</a></span><span class='op'>(</span><span class='op'>)</span>
<span class='fu'><a href='https://rdrr.io/r/base/cat.html'>cat</a></span><span class='op'>(</span><span class='va'>sample_str</span>, file <span class='op'>=</span> <span class='va'>sfile2</span>, sep <span class='op'>=</span> <span class='st'>'\n'</span><span class='op'>)</span>
<span class='va'>pfile2</span> <span class='op'>&lt;-</span> <span class='fu'><a href='https://rdrr.io/r/base/tempfile.html'>tempfile</a></span><span class='op'>(</span><span class='op'>)</span>
<span class='fu'><a href='https://rdrr.io/r/base/cat.html'>cat</a></span><span class='op'>(</span><span class='va'>phylo_str</span>, file <span class='op'>=</span> <span class='va'>pfile2</span>, sep <span class='op'>=</span> <span class='st'>'\n'</span><span class='op'>)</span>
<span class='fu'>ph_comdist</span><span class='op'>(</span>sample <span class='op'>=</span> <span class='va'>sfile2</span>, phylo <span class='op'>=</span> <span class='va'>pfile2</span><span class='op'>)</span>
</div><div class='output co'>#&gt; <span style='color: #949494;'># A tibble: 6 x 7</span>
#&gt;   name    clump1 clump2a clump2b clump4  even random
#&gt;   <span style='color: #949494; font-style: italic;'>&lt;chr&gt;</span>    <span style='color: #949494; font-style: italic;'>&lt;dbl&gt;</span>   <span style='color: #949494; font-style: italic;'>&lt;dbl&gt;</span>   <span style='color: #949494; font-style: italic;'>&lt;dbl&gt;</span>  <span style='color: #949494; font-style: italic;'>&lt;dbl&gt;</span> <span style='color: #949494; font-style: italic;'>&lt;dbl&gt;</span>  <span style='color: #949494; font-style: italic;'>&lt;dbl&gt;</span>
#&gt; <span style='color: #BCBCBC;'>1</span> clump1    4.25    6.75    8.08   8.71  8.06   8.05
#&gt; <span style='color: #BCBCBC;'>2</span> clump2a   6.75    4.94    8.72   8.42  8.06   7.82
#&gt; <span style='color: #BCBCBC;'>3</span> clump2b   8.08    8.72    5.83   7.36  8.06   7.95
#&gt; <span style='color: #BCBCBC;'>4</span> clump4    8.71    8.42    7.36   6.94  7.88   8.24
#&gt; <span style='color: #BCBCBC;'>5</span> even      8.06    8.06    8.06   7.87  7.75   8   
#&gt; <span style='color: #BCBCBC;'>6</span> random    8.05    7.82    7.95   8.24  8      7.11</div><div class='input'><span class='fu'>ph_comdistnt</span><span class='op'>(</span>sample <span class='op'>=</span> <span class='va'>sfile2</span>, phylo <span class='op'>=</span> <span class='va'>pfile2</span><span class='op'>)</span>
</div><div class='output co'>#&gt; <span style='color: #949494;'># A tibble: 6 x 7</span>
#&gt;   name    clump1 clump2a clump2b clump4  even random
#&gt;   <span style='color: #949494; font-style: italic;'>&lt;chr&gt;</span>    <span style='color: #949494; font-style: italic;'>&lt;dbl&gt;</span>   <span style='color: #949494; font-style: italic;'>&lt;dbl&gt;</span>   <span style='color: #949494; font-style: italic;'>&lt;dbl&gt;</span>  <span style='color: #949494; font-style: italic;'>&lt;dbl&gt;</span> <span style='color: #949494; font-style: italic;'>&lt;dbl&gt;</span>  <span style='color: #949494; font-style: italic;'>&lt;dbl&gt;</span>
#&gt; <span style='color: #BCBCBC;'>1</span> clump1    2       4.17    4.83   6     4.75   4.88
#&gt; <span style='color: #BCBCBC;'>2</span> clump2a   4.17    2       6      4.33  4.5    4.62
#&gt; <span style='color: #BCBCBC;'>3</span> clump2b   4.83    6       2      3     4      3.94
#&gt; <span style='color: #BCBCBC;'>4</span> clump4    6       4.33    3      2     2      4.10
#&gt; <span style='color: #BCBCBC;'>5</span> even      4.75    4.5     4      2     6      2.62
#&gt; <span style='color: #BCBCBC;'>6</span> random    4.88    4.62    3.94   4.10  2.62   4.88</div><div class='input'><span class='fu'>ph_comdist</span><span class='op'>(</span>sample <span class='op'>=</span> <span class='va'>sfile2</span>, phylo <span class='op'>=</span> <span class='va'>pfile2</span>, rand_test <span class='op'>=</span> <span class='cn'>TRUE</span><span class='op'>)</span>
</div><div class='output co'>#&gt; $obs
#&gt;      name   clump1  clump2a  clump2b   clump4     even   random
#&gt; 1  clump1 4.250000 6.749999 8.083335 8.708335 8.062500 8.046875
#&gt; 2 clump2a 6.750001 4.944444 8.722219 8.416661 8.062505 7.822916
#&gt; 3 clump2b 8.083340 8.722218 5.833330 7.361108 8.062505 7.947916
#&gt; 4  clump4 8.708339 8.416662 7.361108 6.944441 7.875004 8.239582
#&gt; 5    even 8.062500 8.062500 8.062496 7.874995 7.750000 8.000000
#&gt; 6  random 8.046875 7.822917 7.947919 8.239586 8.000000 7.109375
#&gt; 
#&gt; $null_mean
#&gt;      name   clump1  clump2a  clump2b   clump4     even   random
#&gt; 1  clump1 7.264139 7.968346 7.981730 8.150585 8.063001 8.138577
#&gt; 2 clump2a 7.968346 7.155850 8.087499 7.957552 8.066939 8.186305
#&gt; 3 clump2b 7.981730 8.087499 7.160747 7.734305 8.053431 8.022343
#&gt; 4  clump4 8.150585 7.957552 7.734305 7.147648 7.791900 8.017736
#&gt; 5    even 8.063001 8.066939 8.053431 7.791900 7.281344 8.003191
#&gt; 6  random 8.138577 8.186305 8.022343 8.017736 8.003191 7.042136
#&gt; 
#&gt; $null_sd
#&gt;      name   clump1  clump2a  clump2b   clump4     even   random
#&gt; 1  clump1 0.295206 0.236322 0.231956 0.234042 0.212229 0.239949
#&gt; 2 clump2a 0.236322 0.337516 0.243751 0.240894 0.219730 0.261025
#&gt; 3 clump2b 0.231956 0.243751 0.330608 0.241863 0.224840 0.245770
#&gt; 4  clump4 0.234042 0.240894 0.241863 0.329442 0.232904 0.245695
#&gt; 5    even 0.212229 0.219730 0.224840 0.232904 0.288330 0.224359
#&gt; 6  random 0.239949 0.261025 0.245770 0.245695 0.224359 0.348358
#&gt; 
#&gt; $NRI_or_NTI
#&gt;      name    clump1   clump2a   clump2b    clump4      even    random
#&gt; 1  clump1 10.210276  5.155445 -0.438037 -2.383122  0.002359  0.382171
#&gt; 2 clump2a  5.155433  6.551999 -2.603967 -1.905857  0.020182  1.392163
#&gt; 3 clump2b -0.438057 -2.603963  4.015077  1.543008 -0.040358  0.302832
#&gt; 4  clump4 -2.383138 -1.905861  1.543006  0.616822 -0.356817 -0.902931
#&gt; 5    even  0.002359  0.020204 -0.040320 -0.356778 -1.625417  0.014223
#&gt; 6  random  0.382171  1.392161  0.302818 -0.902946  0.014223 -0.193018
#&gt; </div><div class='input'><span class='fu'>ph_comdistnt</span><span class='op'>(</span>sample <span class='op'>=</span> <span class='va'>sfile2</span>, phylo <span class='op'>=</span> <span class='va'>pfile2</span>, rand_test <span class='op'>=</span> <span class='cn'>TRUE</span><span class='op'>)</span>
</div><div class='output co'>#&gt; $obs
#&gt;      name   clump1  clump2a  clump2b   clump4  even   random
#&gt; 1  clump1 2.000000 4.166667 4.833334 6.000000 4.750 4.875000
#&gt; 2 clump2a 4.166667 2.000000 6.000000 4.333333 4.500 4.625000
#&gt; 3 clump2b 4.833333 6.000000 2.000000 3.000000 4.000 3.937500
#&gt; 4  clump4 6.000000 4.333334 3.000000 2.000000 2.000 4.104167
#&gt; 5    even 4.750000 4.500000 4.000000 2.000000 6.000 2.625000
#&gt; 6  random 4.875000 4.625000 3.937500 4.104167 2.625 4.875000
#&gt; 
#&gt; $null_mean
#&gt;      name   clump1  clump2a  clump2b   clump4     even   random
#&gt; 1  clump1 4.724725 2.662363 2.701902 3.580281 3.355731 3.563394
#&gt; 2 clump2a 2.662363 4.731231 2.968802 2.617949 3.365967 3.647359
#&gt; 3 clump2b 2.701902 2.968802 4.736902 2.234485 3.331730 3.340126
#&gt; 4  clump4 3.580281 2.617949 2.234485 4.696694 2.236837 3.355713
#&gt; 5    even 3.355731 3.365967 3.331730 2.236837 4.724474 3.171672
#&gt; 6  random 3.563394 3.647359 3.340126 3.355713 3.171672 4.728729
#&gt; 
#&gt; $null_sd
#&gt;      name   clump1  clump2a  clump2b   clump4     even   random
#&gt; 1  clump1 0.623057 0.483646 0.476845 0.585634 0.541263 0.613143
#&gt; 2 clump2a 0.483646 0.691165 0.522057 0.453688 0.549333 0.636171
#&gt; 3 clump2b 0.476845 0.522057 0.681483 0.405524 0.554418 0.570960
#&gt; 4  clump4 0.585634 0.453688 0.405524 0.687661 0.392674 0.569338
#&gt; 5    even 0.541263 0.549333 0.554418 0.392674 0.653033 0.571867
#&gt; 6  random 0.613143 0.636171 0.570960 0.569338 0.571867 0.730361
#&gt; 
#&gt; $NRI_or_NTI
#&gt;      name    clump1   clump2a   clump2b    clump4      even    random
#&gt; 1  clump1  4.373153 -3.110341 -4.469867 -4.131796 -2.575955 -2.139150
#&gt; 2 clump2a -3.110341  3.951636 -5.806257 -3.780981 -2.064384 -1.536758
#&gt; 3 clump2b -4.469866 -5.806256  4.016099 -1.887719 -1.205355 -1.046262
#&gt; 4  clump4 -4.131796 -3.780982 -1.887719  3.921547  0.603140 -1.314604
#&gt; 5    even -2.575955 -2.064385 -1.205355  0.603140 -1.953234  0.955942
#&gt; 6  random -2.139150 -1.536758 -1.046262 -1.314604  0.955942 -0.200272
#&gt; </div></pre>
  </div>
  <div class="col-md-3 hidden-xs hidden-sm" id="pkgdown-sidebar">
    <nav id="toc" data-toggle="toc" class="sticky-top">
      <h2 data-toc-skip>Contents</h2>
    </nav>
  </div>
</div>


      <footer>
      <!-- begin footer -->
<div class="footer">
    <div class="container">
        <div class="row start bottom-8">
            <div class="col-xs-2"> <img id="footerlogo" src="https://ropensci.org/img/icon_short_white.svg" /></div>
            <div class="col-xs-10">
                <div class="row">
                    <div class="col-md-4 col-xs-6">
                        <a href="http://github.com/ropensci" target="_blank"><div class="icon fab fa-github"></div></a>
                        <a href="http://github.com/ropenscilabs" target="_blank"><div class="icon fa fa-flask"></div></a>
                        <a href="http://twitter.com/ropensci" target="_blank"><div class="icon fab fa-twitter"></div></a>
                        <a href="http://vimeo.com/ropensci" target="_blank"><div class="icon fab fa-vimeo"></div></a>
                    </div>
                </div>
                <div class="row top-4">
                    <div class="col-md-2 col-sm-4">
                        <ul>
                            <h5 class="bottom-2">About</h5>
                            <li><a href="https://ropensci.org/about">About rOpenSci</a></li>
                            <li><a href="https://ropensci.org/software-review">Software Review Process</a></li>
                            <li><a href="https://ropensci.org/about#team">Our Team</a></li>
                            <li><a href="https://ropensci.org/careers">Jobs</a></li>
                            <li><a href="https://ropensci.org/donate">Donate</a></li>
                            <li><a href="https://ropensci.org/contact">Contact Us</a></li>
                        </ul>
                    </div>
                    <div class="col-md-3 col-sm-4">
                        <ul>
                            <h5 class="bottom-2">Community</h5>
                            <li><a href="https://ropensci.org/community/">Our Community</a></li>
                            <li><a href="https://ropensci.org/commcalls/">Community calls</a></li>
                            <li><a href="https://ropensci.org/events/">Events</a></li>
                            <li><a href="https://discuss.ropensci.org/">Join the Discussion</a></li>
                            <li><a href="https://ropensci.org/code-of-conduct">Code of conduct</a></li>
                        </ul>
                    </div>
                    <div class="col-md-2 col-sm-4">
                        <ul>
                            <h5 class="bottom-2">Resources</h5>
                            <li><a href="https://ropensci.org/packages/">Packages</a></li>
                            <li><a href="https://ropensci.org/usecases/">Use Cases</a></li>
                            <li><a href="https://ropensci.org/talks-papers/">Talks & Publications</a></li>
                            <li><a href="https://docs.ropensci.org/">Documentation</a></li>
                            <li><a href="https://ropensci.org/how-to-cite-ropensci/">Cite rOpenSci</a></li>
                        </ul>
                    </div>
                    <div class="col-md-4 col-xs-12">
                        <h5 class="bottom-2"></h5>

                        <p>rOpenSci is a fiscally sponsored project of <a href="http://numfocus.org" target="_blank">NumFOCUS</a></p>
                        <a href="http://numfocus.org" target="_blank"></a>

                    </div>
                </div>
            </div>
        </div>
    </div>
</div>
<!-- / end footer -->

      </footer>
   </div>

  
<script src="https://cdnjs.cloudflare.com/ajax/libs/docsearch.js/2.6.1/docsearch.min.js" integrity="sha256-GKvGqXDznoRYHCwKXGnuchvKSwmx9SRMrZOTh2g4Sb0=" crossorigin="anonymous"></script>
<script>
  docsearch({
    
    
    apiKey: '799829e946e1f0f9cd5b5a782c6316b9',
    indexName: 'ropensci-phylocomr',
    inputSelector: 'input#search-input.form-control',
    transformData: function(hits) {
      return hits.map(function (hit) {
        hit.url = updateHitURL(hit);
        return hit;
      });
    }
  });
</script>



  </body>
</html>


